29595.3
28908.8
28247.8
27610.7
26996.1
26402.5
25828.9
25274.2
24737.7
24218.7
23716.6
23230.9
22760.6
  22305
21863.3
  21435
21019.8
20617.2
  20227
19848.7
19482.1
19126.3
18780.5
18443.4
18114.2
17791.9
17475.7
17164.6
16857.6
16553.9
16252.7
15953.3
15655.1
15357.5
15060.5
14763.7
14467.4
14171.4
13875.9
13580.6
13285.4
  12990
12694.2
12397.8
12100.7
11802.9
11504.4
  11205
10904.8
10603.9
10302.3
9999.86
9696.77
9392.98
9088.53
8783.43
8477.73
 8171.5
7864.86
7557.97
7250.97
6943.96
6637.03
6330.28
6023.77
5717.96
5414.07
5113.88
4818.96
4530.43
 4249.3
3976.45
3712.64
3458.48
3214.45
 2980.9
2758.07
 2546.1
2345.07
2154.99
1975.81
1807.43
1649.69
1502.37
1365.16
1237.72
1119.66
1010.51
909.739
816.796
731.118
652.165
579.439
512.487
450.889
394.259
342.234
294.475
250.665
210.505
173.717
140.037
109.221
81.0403
55.2831
31.7506
10.2564
