0
0
0
0
0
0
0
0
0
0
0
0
0
0
0
0
0
0
0
0
0
0
0
0
1.91e-08
3.39945e-06
1.555435e-05
4.1635e-05
8.541815e-05
0.0001552459
0.0002694785
0.0004509675
0.0007256266
0.001121252
0.001672322
0.002424481
0.003414039
0.004674384
0.006255596
0.008197418
0.01053374
0.01331083
0.01656704
0.02033665
0.02465918
0.02956981
0.03510125
0.04128718
0.04816049
0.05575071
0.06408833
0.07320328
0.08312202
0.0938737
0.1054832
0.1179764
0.1313805
0.145719
0.1610177
0.1772999
0.1945903
0.212912
0.2322884
0.2527429
0.274298
0.2969762
0.3207688
0.3455966
0.3713087
0.3977441
0.424758
0.4521973
0.4799018
0.5077097
0.5354602
0.5629966
0.5901701
0.6168419
0.6428859
0.6681895
0.692656
0.7162039
0.7387676
0.7602971
0.7807572
0.8001264
0.8183961
0.8355686
0.8516564
0.8666805
0.8806684
0.893654
0.9056743
0.9167719
0.9269882
0.9363701
0.944962
0.9528069
0.9599506
0.9664326
0.9722959
0.977575
0.9823067
0.9865207
0.9902418
0.9934933
0.9963163
0.9988151
