1097.027
1221.232
1354.69
1497.697
1650.536
1813.484
1986.808
2170.764
2365.601
2571.559
2788.87
3017.755
3258.432
3511.106
3775.979
4053.21
4342.874
4644.983
4959.522
5286.443
5625.668
5977.209
6341.511
6719.409
7111.87
7519.641
7943.383
8383.939
8842.463
9319.541
9814.33
10325.3
10850.65
11388.37
11935.81
12489.21
13045.77
13603
14156.74
14703.88
15241.94
15767.19
16276.72
16768.05
17238.2
17684.62
18105.03
18497.08
18858.5
19187.4
19481.78
19739.72
19959.66
20139.8
20278.76
20375.09
20427.19
20433.9
20393.77
20305.66
20168.3
19980.55
19741.3
19449.4
19103.84
18703.58
18248.32
17739.38
17180.26
16575.37
15929.37
15247.57
14535.89
13800.55
13048.01
12284.8
11517.32
10751.74
9993.846
9248.984
8521.914
7816.859
7137.383
6486.477
5866.457
5279.09
4725.586
4206.668
3722.598
3273.25
2858.203
2476.691
2127.871
1810.488
1523.512
1265.398
1034.879
830.75
651.5273
496.2383
363.4453
252.4805
162.293
92.44141
42.80859
13.29688
1.878906
0
