#
# gridID 1
#
gridtype  = generic
gridsize  = 1
#
# gridID 2
#
gridtype  = lonlat
gridsize  = 27648
xsize     = 192
ysize     = 144
xname     = lon
xlongname = "Longitude"
xunits    = "degrees_east"
yname     = lat
ylongname = "Latitude"
yunits    = "degrees_north"
xfirst    = 0.9375
xinc      = 1.875
xbounds   = 0 1.875 
            1.875 3.75 
            3.75 5.625 
            5.625 7.5 
            7.5 9.375 
            9.375 11.25 
            11.25 13.125 
            13.125 15 
            15 16.875 
            16.875 18.75 
            18.75 20.625 
            20.625 22.5 
            22.5 24.375 
            24.375 26.25 
            26.25 28.125 
            28.125 30 
            30 31.875 
            31.875 33.75 
            33.75 35.625 
            35.625 37.5 
            37.5 39.375 
            39.375 41.25 
            41.25 43.125 
            43.125 45 
            45 46.875 
            46.875 48.75 
            48.75 50.625 
            50.625 52.5 
            52.5 54.375 
            54.375 56.25 
            56.25 58.125 
            58.125 60 
            60 61.875 
            61.875 63.75 
            63.75 65.625 
            65.625 67.5 
            67.5 69.375 
            69.375 71.25 
            71.25 73.125 
            73.125 75 
            75 76.875 
            76.875 78.75 
            78.75 80.625 
            80.625 82.5 
            82.5 84.375 
            84.375 86.25 
            86.25 88.125 
            88.125 90 
            90 91.875 
            91.875 93.75 
            93.75 95.625 
            95.625 97.5 
            97.5 99.375 
            99.375 101.25 
            101.25 103.125 
            103.125 105 
            105 106.875 
            106.875 108.75 
            108.75 110.625 
            110.625 112.5 
            112.5 114.375 
            114.375 116.25 
            116.25 118.125 
            118.125 120 
            120 121.875 
            121.875 123.75 
            123.75 125.625 
            125.625 127.5 
            127.5 129.375 
            129.375 131.25 
            131.25 133.125 
            133.125 135 
            135 136.875 
            136.875 138.75 
            138.75 140.625 
            140.625 142.5 
            142.5 144.375 
            144.375 146.25 
            146.25 148.125 
            148.125 150 
            150 151.875 
            151.875 153.75 
            153.75 155.625 
            155.625 157.5 
            157.5 159.375 
            159.375 161.25 
            161.25 163.125 
            163.125 165 
            165 166.875 
            166.875 168.75 
            168.75 170.625 
            170.625 172.5 
            172.5 174.375 
            174.375 176.25 
            176.25 178.125 
            178.125 180 
            180 181.875 
            181.875 183.75 
            183.75 185.625 
            185.625 187.5 
            187.5 189.375 
            189.375 191.25 
            191.25 193.125 
            193.125 195 
            195 196.875 
            196.875 198.75 
            198.75 200.625 
            200.625 202.5 
            202.5 204.375 
            204.375 206.25 
            206.25 208.125 
            208.125 210 
            210 211.875 
            211.875 213.75 
            213.75 215.625 
            215.625 217.5 
            217.5 219.375 
            219.375 221.25 
            221.25 223.125 
            223.125 225 
            225 226.875 
            226.875 228.75 
            228.75 230.625 
            230.625 232.5 
            232.5 234.375 
            234.375 236.25 
            236.25 238.125 
            238.125 240 
            240 241.875 
            241.875 243.75 
            243.75 245.625 
            245.625 247.5 
            247.5 249.375 
            249.375 251.25 
            251.25 253.125 
            253.125 255 
            255 256.875 
            256.875 258.75 
            258.75 260.625 
            260.625 262.5 
            262.5 264.375 
            264.375 266.25 
            266.25 268.125 
            268.125 270 
            270 271.875 
            271.875 273.75 
            273.75 275.625 
            275.625 277.5 
            277.5 279.375 
            279.375 281.25 
            281.25 283.125 
            283.125 285 
            285 286.875 
            286.875 288.75 
            288.75 290.625 
            290.625 292.5 
            292.5 294.375 
            294.375 296.25 
            296.25 298.125 
            298.125 300 
            300 301.875 
            301.875 303.75 
            303.75 305.625 
            305.625 307.5 
            307.5 309.375 
            309.375 311.25 
            311.25 313.125 
            313.125 315 
            315 316.875 
            316.875 318.75 
            318.75 320.625 
            320.625 322.5 
            322.5 324.375 
            324.375 326.25 
            326.25 328.125 
            328.125 330 
            330 331.875 
            331.875 333.75 
            333.75 335.625 
            335.625 337.5 
            337.5 339.375 
            339.375 341.25 
            341.25 343.125 
            343.125 345 
            345 346.875 
            346.875 348.75 
            348.75 350.625 
            350.625 352.5 
            352.5 354.375 
            354.375 356.25 
            356.25 358.125 
            358.125 360 
yfirst    = -89.375
yinc      = 1.25
ybounds   = -90 -88.75 
            -88.75 -87.5 
            -87.5 -86.25 
            -86.25 -85 
            -85 -83.75 
            -83.75 -82.5 
            -82.5 -81.25 
            -81.25 -80 
            -80 -78.75 
            -78.75 -77.5 
            -77.5 -76.25 
            -76.25 -75 
            -75 -73.75 
            -73.75 -72.5 
            -72.5 -71.25 
            -71.25 -70 
            -70 -68.75 
            -68.75 -67.5 
            -67.5 -66.25 
            -66.25 -65 
            -65 -63.75 
            -63.75 -62.5 
            -62.5 -61.25 
            -61.25 -60 
            -60 -58.75 
            -58.75 -57.5 
            -57.5 -56.25 
            -56.25 -55 
            -55 -53.75 
            -53.75 -52.5 
            -52.5 -51.25 
            -51.25 -50 
            -50 -48.75 
            -48.75 -47.5 
            -47.5 -46.25 
            -46.25 -45 
            -45 -43.75 
            -43.75 -42.5 
            -42.5 -41.25 
            -41.25 -40 
            -40 -38.75 
            -38.75 -37.5 
            -37.5 -36.25 
            -36.25 -35 
            -35 -33.75 
            -33.75 -32.5 
            -32.5 -31.25 
            -31.25 -30 
            -30 -28.75 
            -28.75 -27.5 
            -27.5 -26.25 
            -26.25 -25 
            -25 -23.75 
            -23.75 -22.5 
            -22.5 -21.25 
            -21.25 -20 
            -20 -18.75 
            -18.75 -17.5 
            -17.5 -16.25 
            -16.25 -15 
            -15 -13.75 
            -13.75 -12.5 
            -12.5 -11.25 
            -11.25 -10 
            -10 -8.75 
            -8.75 -7.5 
            -7.5 -6.25 
            -6.25 -5 
            -5 -3.75 
            -3.75 -2.5 
            -2.5 -1.25 
            -1.25 0 
            0 1.25 
            1.25 2.5 
            2.5 3.75 
            3.75 5 
            5 6.25 
            6.25 7.5 
            7.5 8.75 
            8.75 10 
            10 11.25 
            11.25 12.5 
            12.5 13.75 
            13.75 15 
            15 16.25 
            16.25 17.5 
            17.5 18.75 
            18.75 20 
            20 21.25 
            21.25 22.5 
            22.5 23.75 
            23.75 25 
            25 26.25 
            26.25 27.5 
            27.5 28.75 
            28.75 30 
            30 31.25 
            31.25 32.5 
            32.5 33.75 
            33.75 35 
            35 36.25 
            36.25 37.5 
            37.5 38.75 
            38.75 40 
            40 41.25 
            41.25 42.5 
            42.5 43.75 
            43.75 45 
            45 46.25 
            46.25 47.5 
            47.5 48.75 
            48.75 50 
            50 51.25 
            51.25 52.5 
            52.5 53.75 
            53.75 55 
            55 56.25 
            56.25 57.5 
            57.5 58.75 
            58.75 60 
            60 61.25 
            61.25 62.5 
            62.5 63.75 
            63.75 65 
            65 66.25 
            66.25 67.5 
            67.5 68.75 
            68.75 70 
            70 71.25 
            71.25 72.5 
            72.5 73.75 
            73.75 75 
            75 76.25 
            76.25 77.5 
            77.5 78.75 
            78.75 80 
            80 81.25 
            81.25 82.5 
            82.5 83.75 
            83.75 85 
            85 86.25 
            86.25 87.5 
            87.5 88.75 
            88.75 90 
#
# gridID 3
#
gridtype  = generic
gridsize  = 2
xsize     = 2
