9.047918277000000842e+00
2.922803220449999984e+01
5.788410155200000418e+01
1.033925901245000034e+02
1.724972002465000003e+02
2.686539760580000120e+02
3.912344118849999859e+02
5.352746754309999915e+02
6.919341935899999498e+02
8.496160598364999714e+02
9.955546123085000545e+02
1.117582067812500100e+03
1.205759867937999843e+03
1.253602388799999972e+03
1.258716216969000016e+03
1.222801300541999808e+03
1.151081140022000000e+03
1.047558699710999917e+03
9.165939116074999902e+02
7.700440539174999230e+02
6.229077824314999816e+02
4.866332968814999731e+02
3.681059532619999572e+02
2.702035186680000152e+02
1.928273379844999909e+02
1.339980380739999930e+02
9.079660478299999227e+01
6.005894409849999960e+01
3.881774612600000296e+01
2.453292181850000020e+01
1.516946808750000031e+01
9.179985225499999402e+00
5.437809148999999564e+00
3.152733994000000095e+00
1.788612866500000065e+00
9.924604774999998824e-01
5.382769345000000261e-01
2.851399244999999749e-01
1.473951669999999936e-01
7.427774100000000823e-02
3.645369799999999966e-02
1.740545649999999944e-02
8.077107999999999510e-03
3.639536500000000244e-03
1.591072000000000016e-03
6.743320000000000347e-04
2.769150000000000279e-04
1.101344999999999939e-04
4.241250000000000093e-05
1.581299999999999920e-05
5.708499999999999640e-06
1.996000000000000032e-06
6.760000000000000711e-07
2.220000000000000027e-07
7.050000000000000263e-08
2.150000000000000062e-08
6.500000000000000301e-09
2.000000000000000125e-09
5.000000000000000311e-10
0.000000000000000000e+00
0.000000000000000000e+00
0.000000000000000000e+00
0.000000000000000000e+00
0.000000000000000000e+00
0.000000000000000000e+00
0.000000000000000000e+00
0.000000000000000000e+00
0.000000000000000000e+00
0.000000000000000000e+00
0.000000000000000000e+00
0.000000000000000000e+00
0.000000000000000000e+00
0.000000000000000000e+00
0.000000000000000000e+00
0.000000000000000000e+00
