8.410000000000000795e-06
1.653899999999999869e-05
1.186899999999999936e-05
3.740000000000000191e-06
1.059499999999999936e-05
7.578800000000000012e-05
2.784145000000000023e-04
7.370774999999999983e-04
1.606100499999999799e-03
3.064946499999999553e-03
5.302882499999999819e-03
8.501788999999999180e-03
1.282024799999999937e-02
1.838161049999999935e-02
2.526780850000000245e-02
3.351944300000000293e-02
4.314148850000000535e-02
5.388649050000000190e-02
6.517944600000000199e-02
7.655079000000000744e-02
8.775570800000000171e-02
9.861748700000000367e-02
1.090376170000000033e-01
1.189894025000000077e-01
1.285059974999999965e-01
1.376670544999999968e-01
1.465862685000000054e-01
1.554008500000000070e-01
1.642631035000000073e-01
1.733338060000000069e-01
1.827769154999999979e-01
1.927551430000000177e-01
2.034260254999999962e-01
2.149382754999999978e-01
2.274282974999999873e-01
2.410168590000000000e-01
2.558059515000000173e-01
2.718759179999999942e-01
2.892829319999999926e-01
3.080569054999999778e-01
3.281999094999999977e-01
3.496851694999999483e-01
3.724566974999999891e-01
3.964296025000000334e-01
4.214911215000000100e-01
4.475024029999999930e-01
4.743010629999999672e-01
5.017045319999999808e-01
5.295142059999999873e-01
5.575204085000000642e-01
5.855081589999999725e-01
6.132637475000000116e-01
6.405821055000000541e-01
6.672749534999999899e-01
6.931797075000000197e-01
7.181691185000000921e-01
7.421616104999999575e-01
7.651322824999999828e-01
7.871245319999999879e-01
8.082622520000000144e-01
8.287625469999999606e-01
8.486364370000000212e-01
8.675177970000000904e-01
8.851629524999999887e-01
9.015718930000000686e-01
9.167446089999999881e-01
9.306810924999999735e-01
9.433813344999999462e-01
9.548453274999999518e-01
9.650730654999999381e-01
9.740645420000000332e-01
9.818197509999999628e-01
9.883386889999999925e-01
9.936213524999999436e-01
9.979768074999999516e-01
