0.000000000000000000e+00
0.000000000000000000e+00
0.000000000000000000e+00
0.000000000000000000e+00
0.000000000000000000e+00
0.000000000000000000e+00
0.000000000000000000e+00
0.000000000000000000e+00
0.000000000000000000e+00
0.000000000000000000e+00
0.000000000000000000e+00
0.000000000000000000e+00
0.000000000000000000e+00
0.000000000000000000e+00
0.000000000000000000e+00
0.000000000000000000e+00
0.000000000000000000e+00
0.000000000000000000e+00
0.000000000000000000e+00
0.000000000000000000e+00
0.000000000000000000e+00
0.000000000000000000e+00
0.000000000000000000e+00
0.000000000000000000e+00
0.000000000000000000e+00
0.000000000000000000e+00
0.000000000000000000e+00
0.000000000000000000e+00
0.000000000000000000e+00
0.000000000000000000e+00
0.000000000000000000e+00
0.000000000000000000e+00
0.000000000000000000e+00
0.000000000000000000e+00
0.000000000000000000e+00
0.000000000000000000e+00
0.000000000000000000e+00
0.000000000000000000e+00
0.000000000000000000e+00
0.000000000000000000e+00
0.000000000000000000e+00
0.000000000000000000e+00
0.000000000000000000e+00
0.000000000000000000e+00
0.000000000000000000e+00
0.000000000000000000e+00
0.000000000000000000e+00
0.000000000000000000e+00
0.000000000000000000e+00
0.000000000000000000e+00
0.000000000000000000e+00
0.000000000000000000e+00
0.000000000000000000e+00
1.909999980398424668e-08
3.399450108076962351e-06
1.555435051159292925e-05
4.163500034337630495e-05
8.541814895579591393e-05
1.552458488731645048e-04
2.694785434869118035e-04
4.509675054578110576e-04
7.256266253534704447e-04
1.121251727454364300e-03
1.672321755904704332e-03
2.424481092020869255e-03
3.414038917981088161e-03
4.674384137615561485e-03
6.255595711991190910e-03
8.197418414056301117e-03
1.053374120965600014e-02
1.331082545220851898e-02
1.656704023480415344e-02
2.033664844930171967e-02
2.465918287634849548e-02
2.956980839371681213e-02
3.510124795138835907e-02
4.128718003630638123e-02
4.816048778593540192e-02
5.575071461498737335e-02
6.408833339810371399e-02
7.320328056812286377e-02
8.312202244997024536e-02
9.387370198965072632e-02
1.054831594228744507e-01
1.179763898253440857e-01
1.313805095851421356e-01
1.457189619541168213e-01
1.610177233815193176e-01
1.772999316453933716e-01
1.945903301239013672e-01
2.129120379686355591e-01
2.322884351015090942e-01
2.527429461479187012e-01
2.742979526519775391e-01
2.969762384891510010e-01
3.207687735557556152e-01
3.455966413021087646e-01
3.713087588548660278e-01
3.977440446615219116e-01
4.247579872608184814e-01
4.521972537040710449e-01
4.799018055200576782e-01
5.077097564935684204e-01
5.354601740837097168e-01
5.629966557025909424e-01
5.901701152324676514e-01
6.168419420719146729e-01
6.428858935832977295e-01
6.681894958019256592e-01
6.926560103893280029e-01
7.162038683891296387e-01
7.387676537036895752e-01
7.602970600128173828e-01
7.807571589946746826e-01
8.001264035701751709e-01
8.183960616588592529e-01
8.355686068534851074e-01
8.516564667224884033e-01
8.666805326938629150e-01
8.806684017181396484e-01
8.936540186405181885e-01
9.056743383407592773e-01
9.167719185352325439e-01
9.269882142543792725e-01
9.363701641559600830e-01
9.449619948863983154e-01
9.528069794178009033e-01
9.599506258964538574e-01
9.664325714111328125e-01
9.722959101200103760e-01
9.775750041007995605e-01
9.823067486286163330e-01
9.865207076072692871e-01
9.902417659759521484e-01
9.934932589530944824e-01
9.963163137435913086e-01
9.988150596618652344e-01
