16655.4
16342.8
16044.3
15746.3
15448.6
15151.5
14854.9
14559
14263.6
13968.4
13672.7
13376.2
13078.7
12780.1
12480.3
12179.4
11877.5
11574.9
11271.8
10968.4
10664.6
10360.3
10055.1
9749.24
9442.64
9135.45
8827.75
8519.53
8210.71
7901.28
7591.46
7281.57
6971.87
6662.34
6352.82
6043.44
5734.9
5428.49
5125.75
4828.05
4536.64
4252.72
3977.39
3711.45
3455.38
3209.56
2974.35
2750.04
2536.89
2335.04
2144.54
1965.24
1797.02
1639.75
1493.3
1357.6
1232.2
1116.16
1008.64
909.031
816.831
731.582
652.849
580.225
513.293
451.678
395.008
342.946
295.149
251.298
211.109
174.288
140.585
109.744
81.5427
55.7653
32.2147
15.0
