4.609628295898437500e+02
4.795855712890625000e+02
4.982919311523437500e+02
5.170590209960937500e+02
5.358635864257812500e+02
5.546806640625000000e+02
5.734886474609375000e+02
5.922669677734375000e+02
6.109929809570312500e+02
6.296495361328125000e+02
6.482148437500000000e+02
6.666726074218750000e+02
6.850065917968750000e+02
7.031889648437500000e+02
7.211845703125000000e+02
7.389545288085937500e+02
7.564624633789062500e+02
7.736666870117187500e+02
7.905257568359375000e+02
8.070040283203125000e+02
8.230641479492187500e+02
8.386635742187500000e+02
8.537616577148437500e+02
8.683317260742187500e+02
8.823303222656250000e+02
8.957164306640625000e+02
9.084699707031250000e+02
9.205462646484375000e+02
9.319229125976562500e+02
9.425590209960937500e+02
9.524390869140625000e+02
9.615247802734375000e+02
9.698085937500000000e+02
9.772382812500000000e+02
9.838242187500000000e+02
9.895399780273437500e+02
9.943374023437500000e+02
9.982764282226562500e+02
