75000.00000
72363.54688
69842.38281
67357.79688
64946.44531
62606.29688
60335.46484
58132.16797
55976.21484
53877.92969
51824.68359
49826.94922
47890.75000
46014.77734
44197.79297
42438.62500
40736.15234
39089.29688
37497.04688
35958.42578
34472.50781
33038.39844
31655.24805
30322.25000
29038.62109
27803.62305
26617.34961
25488.96289
24416.90820
23408.79688
22460.81445
21569.37500
20731.10742
19942.83789
19201.58594
18504.54492
17849.08203
17232.71289
16653.10742
16108.07422
15595.54883
15113.59473
14660.38672
14234.20898
13821.52832
13421.51855
13021.52441
12621.51465
12221.51660
11821.54004
11421.52832
11021.51660
10621.50391
10221.51758
9821.51562
9421.51562
9021.52734
8621.55371
8221.53125
7821.50977
7421.53271
7021.50977
6621.52734
6221.53662
5821.54248
5421.53809
5033.73242
4659.99219
4300.15576
3954.21582
3622.06934
3303.77051
2999.27954
2708.58911
2431.72412
2168.61621
1919.35303
1683.92688
1462.60999
1255.32886
1062.16406
883.60358
719.54578
570.43378
436.51855
318.25900
216.48891
131.87152
65.69055
20.03601
0.00000
