0.000000000000000000e+00
0.000000000000000000e+00
0.000000000000000000e+00
0.000000000000000000e+00
0.000000000000000000e+00
0.000000000000000000e+00
0.000000000000000000e+00
0.000000000000000000e+00
0.000000000000000000e+00
0.000000000000000000e+00
0.000000000000000000e+00
0.000000000000000000e+00
0.000000000000000000e+00
0.000000000000000000e+00
0.000000000000000000e+00
0.000000000000000000e+00
0.000000000000000000e+00
0.000000000000000000e+00
0.000000000000000000e+00
0.000000000000000000e+00
0.000000000000000000e+00
0.000000000000000000e+00
0.000000000000000000e+00
0.000000000000000000e+00
0.000000000000000000e+00
0.000000000000000000e+00
0.000000000000000000e+00
0.000000000000000000e+00
0.000000000000000000e+00
0.000000000000000000e+00
0.000000000000000000e+00
0.000000000000000000e+00
0.000000000000000000e+00
0.000000000000000000e+00
0.000000000000000000e+00
0.000000000000000000e+00
0.000000000000000000e+00
0.000000000000000000e+00
0.000000000000000000e+00
0.000000000000000000e+00
0.000000000000000000e+00
0.000000000000000000e+00
0.000000000000000000e+00
0.000000000000000000e+00
0.000000000000000000e+00
0.000000000000000000e+00
0.000000000000000000e+00
0.000000000000000000e+00
0.000000000000000000e+00
0.000000000000000000e+00
0.000000000000000000e+00
0.000000000000000000e+00
0.000000000000000000e+00
0.000000000000000000e+00
3.819999960796849336e-08
6.760700216545956209e-06
2.434800080663990229e-05
5.892199988011270761e-05
1.119142980314791203e-04
1.985773997148498893e-04
3.403796872589737177e-04
5.615553236566483974e-04
8.896979270502924919e-04
1.352805527858436108e-03
1.991837983950972557e-03
2.857124200090765953e-03
3.970953635871410370e-03
5.377814639359712601e-03
7.133376784622669220e-03
9.261460043489933014e-03
1.180602237582206726e-02
1.481562852859497070e-02
1.831845194101333618e-02
2.235484495759010315e-02
2.696352079510688782e-02
3.217609599232673645e-02
3.802639991044998169e-02
4.454796016216278076e-02
5.177301540970802307e-02
5.972841382026672363e-02
6.844825297594070435e-02
7.795830816030502319e-02
8.828573673963546753e-02
9.946166723966598511e-02
1.115046516060829163e-01
1.244481280446052551e-01
1.383128911256790161e-01
1.531250327825546265e-01
1.689104139804840088e-01
1.856894493103027344e-01
2.034912109375000000e-01
2.223328649997711182e-01
2.422440052032470703e-01
2.632418870925903320e-01
2.853540182113647461e-01
3.085984587669372559e-01
3.329390883445739746e-01
3.582541942596435547e-01
3.843633234500885010e-01
4.111247658729553223e-01
4.383912086486816406e-01
4.660032987594604492e-01
4.938003122806549072e-01
5.216192007064819336e-01
5.493011474609375000e-01
5.766921639442443848e-01
6.036480665206909180e-01
6.300358176231384277e-01
6.557359695434570312e-01
6.806430220603942871e-01
7.046689987182617188e-01
7.277387380599975586e-01
7.497965693473815918e-01
7.707975506782531738e-01
7.907167673110961914e-01
8.095360398292541504e-01
8.272560834884643555e-01
8.438811302185058594e-01
8.594318032264709473e-01
8.739292621612548828e-01
8.874075412750244141e-01
8.999004960060119629e-01
9.114481806755065918e-01
9.220956563949584961e-01
9.318807721138000488e-01
9.408595561981201172e-01
9.490644335746765137e-01
9.565495252609252930e-01
9.633517265319824219e-01
9.695134162902832031e-01
9.750784039497375488e-01
9.800716042518615723e-01
9.845418930053710938e-01
9.884995222091674805e-01
9.919840097427368164e-01
9.950025081634521484e-01
9.976301193237304688e-01
1.000000000000000000e+00
