0.000000000000000000e+00
2.000365018844604492e+00
3.102241039276123047e+00
4.666083812713623047e+00
6.827977180480957031e+00
9.746966361999511719e+00
1.360542392730712891e+01
1.860893058776855469e+01
2.498571777343750000e+01
3.298571014404296875e+01
4.287924194335937500e+01
5.495546340942382812e+01
6.952057647705078125e+01
8.689588165283203125e+01
1.074157409667968750e+02
1.314255065917968750e+02
1.592794036865234375e+02
1.913385620117187500e+02
2.279689483642578125e+02
2.695395812988281250e+02
3.164207458496093750e+02
3.689823608398437500e+02
4.275924987792968750e+02
4.926160278320312500e+02
5.644134521484375000e+02
6.433399047851562500e+02
7.297441406250000000e+02
8.239678344726562500e+02
9.263449096679687500e+02
1.037201171875000000e+03
1.156853637695312500e+03
1.285610351562500000e+03
1.423770141601562500e+03
1.571622924804687500e+03
1.729448974609375000e+03
1.897519287109375000e+03
2.076095947265625000e+03
2.265431640625000000e+03
2.465770507812500000e+03
2.677348144531250000e+03
2.900391357421875000e+03
3.135119384765625000e+03
3.381743652343750000e+03
3.640468261718750000e+03
3.911490478515625000e+03
4.194930664062500000e+03
4.490817382812500000e+03
4.799149414062500000e+03
5.119895019531250000e+03
5.452990722656250000e+03
5.798344726562500000e+03
6.156074218750000000e+03
6.526946777343750000e+03
6.911870605468750000e+03
7.311869140625000000e+03
7.727412109375000000e+03
8.159354003906250000e+03
8.608525390625000000e+03
9.076400390625000000e+03
9.562682617187500000e+03
1.006597851562500000e+04
1.058463183593750000e+04
1.111666210937500000e+04
1.166006738281250000e+04
1.221154785156250000e+04
1.276687304687500000e+04
1.332466894531250000e+04
1.388133105468750000e+04
1.443213964843750000e+04
1.497561523437500000e+04
1.550825683593750000e+04
1.602611523437500000e+04
1.652732226562500000e+04
1.700878906250000000e+04
1.746761328125000000e+04
1.790162109375000000e+04
1.830843359375000000e+04
1.868571875000000000e+04
1.903128906250000000e+04
1.934351171875000000e+04
1.962004296875000000e+04
1.985939062500000000e+04
2.005993164062500000e+04
2.021966406250000000e+04
2.033786328125000000e+04
2.041230859375000000e+04
2.044207812500000000e+04
2.042571875000000000e+04
2.036181640625000000e+04
2.024951171875000000e+04
2.008708593750000000e+04
1.987402539062500000e+04
1.960857226562500000e+04
1.929022656250000000e+04
1.891746093750000000e+04
1.848970703125000000e+04
1.800692578125000000e+04
1.747183984375000000e+04
1.688868750000000000e+04
1.626204687500000000e+04
1.559669531250000000e+04
1.489845312500000000e+04
1.417332421875000000e+04
1.342776953125000000e+04
1.266825781250000000e+04
1.190133984375000000e+04
1.113330468750000000e+04
1.037017578125000000e+04
9.617515625000000000e+03
8.880453125000000000e+03
8.163375000000000000e+03
7.470343750000000000e+03
6.804421875000000000e+03
6.168531250000000000e+03
5.564382812500000000e+03
4.993796875000000000e+03
4.457375000000000000e+03
3.955960937500000000e+03
3.489234375000000000e+03
3.057265625000000000e+03
2.659140625000000000e+03
2.294242187500000000e+03
1.961500000000000000e+03
1.659476562500000000e+03
1.387546875000000000e+03
1.143250000000000000e+03
9.265078125000000000e+02
7.349921875000000000e+02
5.680625000000000000e+02
4.244140625000000000e+02
3.024765625000000000e+02
2.024843750000000000e+02
1.221015625000000000e+02
6.278125000000000000e+01
2.283593750000000000e+01
3.757812976837158203e+00
0.000000000000000000e+00
0.000000000000000000e+00
