1.000182509422302246e+00
2.551303029060363770e+00
3.884162425994873047e+00
5.747030496597290039e+00
8.287471771240234375e+00
1.167619514465332031e+01
1.610717725753784180e+01
2.179732418060302734e+01
2.898571395874023438e+01
3.793247604370117188e+01
4.891735267639160156e+01
6.223801994323730469e+01
7.820822906494140625e+01
9.715581130981445312e+01
1.194206237792968750e+02
1.453524551391601562e+02
1.753089828491210938e+02
2.096537551879882812e+02
2.487542648315429688e+02
2.929801635742187500e+02
3.427015533447265625e+02
3.982874298095703125e+02
4.601042633056640625e+02
5.285147399902343750e+02
6.038766784667968750e+02
6.865420227050781250e+02
7.768559875488281250e+02
8.751563720703125000e+02
9.817730407714843750e+02
1.097027404785156250e+03
1.221231994628906250e+03
1.354690246582031250e+03
1.497696533203125000e+03
1.650535949707031250e+03
1.813484130859375000e+03
1.986807617187500000e+03
2.170763793945312500e+03
2.365601074218750000e+03
2.571559326171875000e+03
2.788869750976562500e+03
3.017755371093750000e+03
3.258431518554687500e+03
3.511105957031250000e+03
3.775979370117187500e+03
4.053210571289062500e+03
4.342874023437500000e+03
4.644983398437500000e+03
4.959522216796875000e+03
5.286442871093750000e+03
5.625667724609375000e+03
5.977209472656250000e+03
6.341510498046875000e+03
6.719408691406250000e+03
7.111869873046875000e+03
7.519640625000000000e+03
7.943383056640625000e+03
8.383939697265625000e+03
8.842462890625000000e+03
9.319541503906250000e+03
9.814330566406250000e+03
1.032530517578125000e+04
1.085064697265625000e+04
1.138836474609375000e+04
1.193580761718750000e+04
1.248921044921875000e+04
1.304577099609375000e+04
1.360300000000000000e+04
1.415673535156250000e+04
1.470387744140625000e+04
1.524193603515625000e+04
1.576718603515625000e+04
1.627671875000000000e+04
1.676805566406250000e+04
1.723820117187500000e+04
1.768461718750000000e+04
1.810502734375000000e+04
1.849707617187500000e+04
1.885850390625000000e+04
1.918740039062500000e+04
1.948177734375000000e+04
1.973971679687500000e+04
1.995966113281250000e+04
2.013979785156250000e+04
2.027876367187500000e+04
2.037508593750000000e+04
2.042719335937500000e+04
2.043389843750000000e+04
2.039376757812500000e+04
2.030566406250000000e+04
2.016829882812500000e+04
1.998055566406250000e+04
1.974129882812500000e+04
1.944939941406250000e+04
1.910384375000000000e+04
1.870358398437500000e+04
1.824831640625000000e+04
1.773938281250000000e+04
1.718026367187500000e+04
1.657536718750000000e+04
1.592937109375000000e+04
1.524757421875000000e+04
1.453588867187500000e+04
1.380054687500000000e+04
1.304801367187500000e+04
1.228479882812500000e+04
1.151732226562500000e+04
1.075174023437500000e+04
9.993845703125000000e+03
9.248984375000000000e+03
8.521914062500000000e+03
7.816859375000000000e+03
7.137382812500000000e+03
6.486476562500000000e+03
5.866457031250000000e+03
5.279089843750000000e+03
4.725585937500000000e+03
4.206667968750000000e+03
3.722597656250000000e+03
3.273250000000000000e+03
2.858203125000000000e+03
2.476691406250000000e+03
2.127871093750000000e+03
1.810488281250000000e+03
1.523511718750000000e+03
1.265398437500000000e+03
1.034878906250000000e+03
8.307500000000000000e+02
6.515273437500000000e+02
4.962382812500000000e+02
3.634453125000000000e+02
2.524804687500000000e+02
1.622929687500000000e+02
9.244140625000000000e+01
4.280859375000000000e+01
1.329687523841857910e+01
1.878906488418579102e+00
0.000000000000000000e+00
