0
44.3074
97.39255
159.4998
230.8737
311.7585
402.3988
503.0388
613.923
735.2958
867.4017
1010.485
1164.79
1330.562
1508.044
1697.481
1899.118
2113.198
2339.968
2579.669
2832.548
3098.848
3378.815
3672.692
3980.724
4303.154
4640.229
4992.19
5359.286
5741.758
6139.85
6553.809
6983.879
7430.301
7893.322
8373.188
8870.143
9384.427
9916.289
10465.97
11033.72
11619.78
12224.39
12847.8
13490.26
14152
14833.27
15534.32
16255.39
16996.73
17758.57
18541.17
19344.77
20169.61
21015.93
21883.99
22774.03
23680
24586.67
25493.33
26400
27306.66
28213.33
29120
30026.66
30933.33
31840
32746.67
33653.33
34560
35466.66
36373.33
37280
38186.66
39093.33
40000
